0,386
23,1
23,3
0,385
34,3
0,384
13,1
13,3
11,3
36,3
10,1
10,3
4,1
4,3
16,1
16,3
5,1
5,4
23,4
31,4
29,4
28,4
30,4
27,3
26,4
32,4
35,4
25,3
24,5
37,4
33,4
34,4
14,1
14,3
36,4
2,6
2,4
2,3
1,1
1,3
0,300
0,299
0,298
0,297
0,296
0,295
0,294
0,293
0,292
0,291
0,290
0,289
0,288
0,287
0,286
0,285
0,284
0,283
0,282
0,281
0,280
0,279
0,278
0,277
0,276
0,275
0,274
0,273
0,272
0,271
0,270
0,269
0,268
0,267
0,266
0,265
0,264
0,263
0,262
0,261
0,260
0,259
0,258
0,257
0,256
0,255
0,254
0,253
0,252
0,251
0,382
0,249
0,248
0,381
0,247
0,246
0,380
0,245
0,379
0,244
0,378
0,242
0,241
0,377
0,240
0,376
0,239
0,375
0,238
0,374
0,237
0,373
0,236
0,372
0,235
0,371
0,234
0,370
0,233
0,368
0,232
0,367
0,231
0,366
0,230
0,365
0,229
0,364
0,228
0,363
0,227
0,362
0,226
0,361
0,225
0,360
0,224
0,359
0,223
0,358
0,222
0,357
0,221
0,356
0,220
0,355
0,219
0,354
0,218
0,353
0,217
0,352
0,216
0,351
0,215
0,350
0,214
0,349
0,213
0,348
0,212
0,347
0,211
0,346
0,210
0,345
0,209
0,344
0,208
0,343
0,207
0,342
0,206
0,341
0,205
0,340
0,204
0,339
0,203
0,338
0,202
0,337
0,201
0,336
0,200
0,335
0,199
0,334
0,198
0,333
0,197
0,332
0,196
0,195
0,194
0,193
0,192
0,63
0,62
0,61
0,60
0,59
0,58
0,57
0,56
0,55
0,54
0,53
0,52
0,51
0,50
0,49
0,48
0,47
0,46
0,45
0,6
0,1
0,383
0,323
0,0
0,250
18,1
18,3
15,1
15,3
8,3
9,1
9,3
37,6
37,5
37,3
37,2
37,1
37,0
36,2
36,1
36,0
35,3
35,2
35,1
35,0
34,5
34,2
34,1
34,0
33,5
33,3
33,2
33,1
